0 0 1 
0 0 1 
0.00525072 -0.0433165 0.999048 
0.0105556 -0.08708 0.996145 
0.0159018 -0.131184 0.99123 
0.0212757 -0.175516 0.984247 
0.0266626 -0.219957 0.975145 
0.0320476 -0.264381 0.963886 
0.0374148 -0.308658 0.950437 
0.0427479 -0.352655 0.934777 
0.0480302 -0.396231 0.916894 
0.0532446 -0.439248 0.896787 
0.0583738 -0.481562 0.874466 
0.0634005 -0.523031 0.849952 
0.0683074 -0.563511 0.82328 
0.0730773 -0.60286 0.794493 
0.0776933 -0.640941 0.763648 
0.0821392 -0.677618 0.730813 
0.086399 -0.71276 0.696067 
0.0904578 -0.746243 0.659499 
0.0943012 -0.77795 0.62121 
0.0979159 -0.80777 0.581309 
0.10129 -0.835603 0.539915 
0.104412 -0.861357 0.497154 
0.107272 -0.884952 0.453159 
0.107657 -0.888126 0.446813 
0.107657 -0.888126 0.446813 
0.0990713 -0.905839 0.411874 
0.0901928 -0.922331 0.375727 
0.0810307 -0.937503 0.338411 
0.0715966 -0.951257 0.299972 
0.061904 -0.963496 0.260466 
0.0519685 -0.974125 0.219954 
0.0418075 -0.98305 0.178508 
0.0314405 -0.990181 0.136206 
0.0208891 -0.995434 0.0931361 
0.0101765 -0.998728 0.0493923 
-0.000671904 -0.999987 0.00507745 
-0.0116291 -0.999144 -0.0396985 
-0.0226665 -0.996139 -0.0848187 
-0.0337538 -0.990918 -0.13016 
-0.0448594 -0.98344 -0.175594 
-0.0559505 -0.973671 -0.220987 
-0.0669934 -0.961587 -0.266201 
-0.0779535 -0.947177 -0.311094 
-0.0887957 -0.930439 -0.355525 
-0.0994848 -0.911386 -0.399347 
-0.109985 -0.890039 -0.442418 
-0.120262 -0.866434 -0.484591 
-0.130281 -0.840617 -0.525727 
-0.140007 -0.812648 -0.565687 
-0.149409 -0.782595 -0.604336 
-0.158454 -0.750541 -0.641545 
-0.167114 -0.716578 -0.677192 
-0.175359 -0.680807 -0.711161 
-0.183165 -0.64334 -0.743347 
-0.184886 -0.634543 -0.750448 
-0.184886 -0.634543 -0.750448 
-0.174692 -0.599556 -0.781035 
-0.164021 -0.562932 -0.810064 
-0.152895 -0.524748 -0.837414 
-0.141339 -0.485087 -0.862968 
-0.129381 -0.444045 -0.886614 
-0.11705 -0.401725 -0.908249 
-0.10438 -0.35824 -0.927776 
-0.0914055 -0.313711 -0.945109 
-0.0781637 -0.268264 -0.960169 
-0.0646935 -0.222033 -0.972891 
-0.0510356 -0.175158 -0.983217 
-0.0372318 -0.127782 -0.991103 
-0.0233248 -0.0800525 -0.996518 
-0.009358 -0.0321173 -0.99944 
0 0 -1 

